3167 24.06
3166 24.06
3166 24.06
3165 24.06
3165 24.06
3165 24.06
3165 24.06
3165 24.06
3164 24.06
3164 24.06
3165 24.06
3165 24.06
3164 24.06
3165 24.06
3164 24.06
3164 24.06
3163 24.06
3163 24.06
3163 24.06
3163 24.06
3163 24.06
3163 24.06
3163 24.06
3163 24.06
3162 24.06
3163 24.06
3163 24.06
3163 24.06
3163 24.06
3162 24.06
3163 24.06
3163 24.06
3162 24.06
3162 24.06
3162 24.06
3162 24.06
3162 24.06
3162 24.06
3162 24.06
3162 24.06
3162 24.00
3162 24.06
3162 24.06
3162 24.00
3161 24.00
3161 24.00
3162 24.00
3162 24.00
3162 24.00
3161 24.00
3161 24.00
3162 24.00
3161 24.00
3162 24.00
3162 24.00
3162 24.00
3162 24.00
3161 24.00
3162 24.00
3161 24.00
3162 24.00
3162 24.00
3161 24.00
3161 24.00
3162 24.00
3162 24.00
3162 24.00
3162 24.00
3161 24.06
3161 24.00
3162 24.00
3162 24.00
3161 24.00
3161 24.00
3162 24.00
3162 24.00
