3183 22.69
3182 22.69
3183 22.69
3182 22.69
3182 22.69
3182 22.69
3182 22.69
3183 22.69
3182 22.69
3182 22.69
3182 22.69
3182 22.69
3183 22.69
3182 22.69
3182 22.69
3182 22.69
3183 22.69
3182 22.69
3183 22.69
3183 22.69
3182 22.69
3182 22.69
3182 22.69
3182 22.69
3182 22.69
3182 22.69
3182 22.69
3183 22.69
3182 22.75
3182 22.69
3182 22.69
3182 22.69
3182 22.69
3182 22.69
3182 22.69
3182 22.69
3182 22.69
3182 22.69
3182 22.69
3182 22.69
3181 22.69
3181 22.69
3182 22.69
3181 22.69
3181 22.69
3182 22.69
3181 22.69
3181 22.69
3181 22.69
3181 22.69
3181 22.69
3181 22.69
3180 22.69
3181 22.69
3181 22.69
3182 22.69
3181 22.75
3181 22.69
3181 22.69
3181 22.69
3181 22.69
3182 22.69
3181 22.69
3181 22.69
3181 22.69
3181 22.69
3181 22.69
3182 22.69
3181 22.75
3182 22.69
3182 22.69
3182 22.75
3182 22.69
3181 22.69
3182 22.69
3182 22.75
3182 22.75
3182 22.69
3182 22.69
3182 22.69
3182 22.69
3182 22.69
3182 22.69
3182 22.69
3181 22.69
3181 22.69
3181 22.69
