10739 3256 45.50
21403 3260 45.25
32066 3257 45.25
42730 3254 45.25
53394 3253 45.25
64057 3252 45.25
74721 3264 45.19
85384 3265 45.00
96048 3257 44.81
106712 3255 44.56
117374 3253 44.31
128038 3251 44.00
138702 3250 43.63
149366 3248 43.25
160030 3247 42.94
170693 3246 42.56
181357 3243 42.25
192021 3241 41.94
202685 3241 41.63
213349 3235 41.25
224013 3235 40.94
234677 3232 40.63
245341 3233 40.31
256005 3230 40.00
266669 3229 39.75
277332 3229 39.44
287997 3228 39.19
298661 3227 38.94
309325 3225 38.69
319989 3224 38.44
330654 3223 38.19
341318 3223 38.00
351982 3223 37.75
362646 3226 37.50
373311 3224 37.31
383975 3222 37.13
394640 3220 36.88
405304 3222 36.69
415968 3223 36.50
426633 3229 36.31
437297 3226 36.13
447962 3222 35.94
458626 3222 35.75
469291 3220 35.56
479954 3217 35.44
490619 3216 35.25
501284 3215 35.06
511948 3216 34.88
522613 3217 34.75
533278 3215 34.56
543942 3212 34.44
554607 3212 34.25
565272 3212 34.06
575936 3211 33.94
586601 3211 33.81
597266 3209 33.63
607930 3210 33.50
618595 3207 33.38
629260 3211 33.25
639925 3211 33.06
650590 3209 32.94
661255 3210 32.81
671919 3210 32.69
682584 3209 32.56
693249 3208 32.38
703913 3209 32.25
714578 3208 32.13
725243 3209 32.00
735908 3208 31.87
746573 3207 31.75
757238 3206 31.62
767903 3204 31.50
778568 3207 31.37
789233 3205 31.25
799898 3205 31.12
810563 3205 31.00
821228 3203 30.87
831893 3203 30.75
842558 3201 30.69
853223 3201 30.50
863888 3203 30.44
874554 3203 30.31
885219 3202 30.19
895884 3201 30.06
906549 3201 29.94
917214 3202 29.81
927879 3200 29.69
938545 3200 29.56
949210 3200 29.44
959875 3199 29.37
970540 3199 29.25
981206 3199 29.19
991870 3200 29.06
1002535 3200 28.94
1013201 3200 28.87
1023866 3199 28.75
1034531 3199 28.62
1045197 3197 28.50
1055862 3197 28.44
1066528 3198 28.31
1077193 3197 28.19
1087858 3195 28.12
1098524 3196 28.00
1109189 3195 27.94
1119855 3197 27.81
1130520 3193 27.69
1141186 3195 27.62
1151851 3192 27.50
1162517 3193 27.37
1173183 3193 27.31
1183848 3193 27.19
1194514 3192 27.06
1205179 3191 27.00
1215845 3193 26.87
1226510 3190 26.81
1237176 3190 26.75
1247842 3189 26.62
1258507 3190 26.56
1269173 3190 26.44
1279839 3190 26.37
1290504 3188 26.25
1301170 3187 26.19
1311836 3187 26.06
1322501 3187 26.00
1333167 3187 25.87
1343833 3187 25.81
1354499 3186 25.69
1365164 3186 25.62
1375830 3185 25.50
1386496 3186 25.44
1397161 3186 25.31
1407827 3185 25.25
1418492 3186 25.19
1429158 3186 25.06
1439824 3184 25.00
1450490 3187 24.94
1461156 3184 24.81
1471822 3184 24.75
1482488 3185 24.62
1493153 3185 24.56
1503819 3184 24.50
1514485 3183 24.37
1525151 3183 24.31
1535817 3183 24.25
1546483 3182 24.12
1557149 3182 24.06
1567815 3183 24.00
1578481 3181 23.87
1589147 3182 23.81
1599813 3184 23.75
1610479 3182 23.62
1621145 3182 23.56
1631811 3181 23.44
1642477 3183 23.37
1653143 3181 23.31
1663809 3180 23.25
1674475 3182 23.12
1685142 3180 23.06
1695808 3181 23.00
1706474 3182 22.87
1717140 3182 22.81
1727806 3181 22.75
1738472 3181 22.69
1749138 3182 22.62
1759804 3180 22.56
1770471 3180 22.44
1781137 3181 22.37
1791803 3179 22.25
1802469 3178 22.19
1813136 3179 22.12
1823802 3179 22.06
1834468 3178 22.00
1845134 3179 21.94
1855800 3179 21.87
1866467 3179 21.75
1877133 3179 21.69
1887799 3179 21.62
1898466 3178 21.56
1909132 3179 21.50
1919798 3177 21.37
1930465 3176 21.31
1941131 3176 21.25
1951797 3175 21.12
1962464 3176 21.12
1973130 3175 21.00
1983796 3178 20.94
1994463 3175 20.87
2005129 3175 20.81
2015796 3175 20.69
2026462 3175 20.62
2037129 3174 20.56
2047795 3173 20.50
2058462 3174 20.44
2069128 3173 20.37
2079795 3174 20.31
2090461 3173 20.25
2101127 3173 20.12
2111794 3171 20.06
2122461 3171 20.00
2133127 3170 19.94
2143794 3171 19.87
2154460 3172 19.81
2165127 3172 19.75
2175793 3171 19.69
2186460 3172 19.56
2197126 3169 19.50
2207793 3170 19.44
2218460 3172 19.37
2229126 3169 19.31
2239793 3169 19.25
2250460 3170 19.19
2261126 3171 19.19
2271793 3171 19.06
2282460 3168 19.06
2293126 3170 19.00
2303793 3167 18.94
2314460 3168 18.87
2325126 3167 18.81
2335793 3166 18.75
2346460 3168 18.69
2357126 3166 18.62
2367793 3166 18.56
2378460 3168 18.56
2389127 3166 18.44
2399793 3165 18.44
2410460 3166 18.37
2421127 3165 18.31
2431794 3165 18.25
2442460 3165 18.19
2453127 3166 18.12
2463794 3165 18.12
2474461 3164 18.06
2485128 3165 18.00
2495794 3162 17.94
2506461 3163 17.87
2517128 3162 17.81
2527795 3163 17.81
2538462 3163 17.75
2549129 3162 17.69
2559796 3163 17.62
2570462 3163 17.56
2581129 3162 17.50
2591796 3161 17.50
2602463 3160 17.44
2613130 3164 17.37
2623797 3162 17.31
2634464 3162 17.25
2645131 3160 17.25
2655798 3160 17.19
2666465 3160 17.12
2677132 3158 17.06
2687799 3161 17.00
2698465 3159 17.00
2709132 3160 16.94
2719799 3158 16.87
2730466 3158 16.81
2741133 3160 16.81
2751800 3157 16.75
2762467 3158 16.69
2773134 3160 16.62
2783801 3157 16.62
2794468 3158 16.56
2805135 3158 16.50
2815802 3157 16.44
2826470 3155 16.44
2837137 3157 16.37
2847804 3155 16.31
2858471 3155 16.25
2869138 3155 16.19
2879805 3154 16.19
2890472 3156 16.12
2901139 3155 16.06
2911806 3156 16.00
2922473 3153 16.00
2933140 3155 15.94
2943807 3154 15.88
2954475 3154 15.88
2965142 3155 15.81
2975809 3153 15.75
2986476 3153 15.69
2997143 3153 15.69
3007810 3151 15.63
3018477 3153 15.56
3029145 3151 15.56
3039812 3151 15.50
3050479 3153 15.44
3061146 3150 15.38
3071813 3151 15.38
3082481 3150 15.31
3093148 3149 15.31
3103815 3150 15.25
3114482 3151 15.19
3125149 3149 15.13
3135817 3150 15.13
3146484 3150 15.06
3157151 3148 15.00
3167819 3150 15.00
3178486 3150 14.94
3189153 3148 14.88
3199820 3147 14.88
3210488 3148 14.81
3221155 3148 14.75
3231822 3147 14.69
3242490 3148 14.69
3253157 3147 14.63
3263824 3149 14.56
3274492 3146 14.56
3285159 3147 14.50
3295826 3148 14.44
3306494 3145 14.44
3317161 3145 14.44
3327828 3144 14.38
3338497 3143 14.31
3349164 3148 14.25
3359831 3144 14.25
3370499 3145 14.19
3381166 3146 14.13
3391834 3144 14.13
3402501 3144 14.06
3413168 3143 14.06
3423836 3142 14.00
3434503 3145 13.94
3445171 3144 13.94
3455838 3144 13.88
3466505 3143 13.81
3477173 3143 13.81
3487840 3143 13.75
3498508 3141 13.75
3509175 3143 13.69
3519843 3141 13.63
3530510 3141 13.63
3541178 3142 13.56
3551845 3141 13.50
3562513 3141 13.44
3573180 3140 13.44
3583848 3140 13.38
3594515 3141 13.31
3605183 3139 13.25
3615851 3140 13.25
3626518 3138 13.19
3637186 3139 13.13
3647853 3137 13.13
3658521 3137 13.06
3669188 3138 13.00
3679856 3138 12.94
3690524 3137 12.94
3701191 3136 12.88
3711859 3138 12.81
3722526 3136 12.75
3733194 3135 12.75
3743862 3134 12.69
3754529 3135 12.63
3765197 3137 12.56
3775865 3134 12.56
3786532 3135 12.50
3797200 3134 12.44
3807868 3133 12.44
3818535 3134 12.38
3829203 3133 12.31
3839872 3132 12.25
3850539 3134 12.25
3861207 3132 12.19
3871875 3132 12.19
3882543 3133 12.13
3893210 3132 12.06
3903878 3133 12.06
3914546 3131 12.00
3925214 3129 11.94
3935881 3133 11.88
3946549 3130 11.88
3957217 3130 11.88
3967885 3131 11.81
3978553 3129 11.75
3989220 3128 11.69
3999888 3129 11.63
4010556 3126 11.63
4021224 3129 11.56
4031892 3129 11.50
4042559 3128 11.50
4053227 3130 11.50
4063895 3128 11.44
4074563 3128 11.38
4085231 3127 11.31
4095899 3127 11.31
4106567 3127 11.25
4117235 3127 11.19
4127902 3126 11.19
4138570 3126 11.13
4149238 3125 11.06
4159906 3126 11.06
4170574 3126 11.00
4181242 3127 10.94
4191910 3125 10.88
4202578 3125 10.88
4213246 3125 10.81
4223915 3126 10.75
4234583 3125 10.75
4245251 3126 10.69
4255919 3124 10.69
4266587 3124 10.63
4277255 3124 10.63
4287923 3123 10.56
4298591 3123 10.50
4309259 3123 10.44
4319927 3123 10.38
4330595 3123 10.38
4341263 3121 10.31
4351931 3122 10.31
4362599 3121 10.25
4373267 3120 10.19
4383935 3120 10.13
4394603 3120 10.13
4405271 3120 10.06
4415939 3120 10.06
4426608 3119 10.00
4437276 3120 9.94
4447944 3119 9.94
4458612 3119 9.88
4469280 3119 9.81
4479948 3119 9.75
4490616 3117 9.75
4501284 3117 9.69
4511952 3116 9.69
4522620 3118 9.63
4533288 3117 9.56
4543958 3116 9.56
4554626 3117 9.50
4565294 3116 9.44
4575962 3117 9.38
4586630 3114 9.38
4597298 3115 9.31
4607967 3117 9.25
4618635 3116 9.25
4629303 3114 9.25
4639971 3113 9.19
4650639 3114 9.13
4661308 3114 9.13
4671976 3113 9.06
4682644 3114 9.00
4693312 3112 9.00
4703980 3110 8.94
4714649 3110 8.88
4725317 3111 8.88
4735985 3111 8.81
4746654 3111 8.81
4757322 3110 8.75
4767990 3111 8.69
4778658 3109 8.69
4789327 3110 8.63
4799995 3109 8.63
4810663 3108 8.56
4821332 3108 8.50
4832001 3108 8.50
4842669 3108 8.44
4853338 3107 8.38
4864006 3109 8.38
4874674 3106 8.31
4885343 3107 8.25
4896011 3107 8.25
4906679 3106 8.19
4917348 3105 8.19
4928016 3105 8.13
4938685 3105 8.06
4949353 3107 8.06
4960021 3105 8.00
4970690 3105 8.00
4981358 3105 7.94
4992027 3105 7.94
5002695 3104 7.88
5013364 3103 7.81
5024032 3103 7.81
5034701 3105 7.75
5045369 3102 7.69
5056037 3102 7.69
5066706 3102 7.63
5077374 3102 7.63
5088044 3102 7.56
5098712 3103 7.50
5109381 3101 7.50
5120049 3101 7.44
5130718 3102 7.44
5141387 3100 7.38
5152055 3101 7.31
5162724 3099 7.31
5173392 3100 7.25
5184061 3100 7.25
5194729 3099 7.19
5205398 3097 7.13
5216066 3100 7.13
5226735 3098 7.06
5237404 3098 7.00
5248072 3098 7.00
5258741 3099 6.94
5269409 3098 6.94
5280078 3097 6.88
5290747 3098 6.88
5301415 3099 6.81
5312084 3098 6.75
5322753 3097 6.75
5333422 3097 6.69
5344091 3097 6.69
5354759 3096 6.63
5365428 3096 6.56
5376097 3096 6.56
5386765 3097 6.50
5397434 3096 6.50
5408103 3095 6.44
5418771 3095 6.38
5429440 3094 6.38
5440109 3094 6.31
5450778 3094 6.31
5461446 3094 6.25
5472115 3097 6.25
5482784 3094 6.19
5493453 3094 6.19
5504121 3095 6.13
5514790 3093 6.13
5525459 3093 6.06
5536129 3091 6.06
5546797 3092 6.00
5557466 3093 6.00
5568135 3091 5.94
5578804 3092 5.88
5589473 3092 5.88
5600141 3093 5.88
5610810 3092 5.88
5621479 3093 5.81
5632148 3091 5.81
5642817 3092 5.75
5653485 3089 5.75
5664154 3092 5.69
5674823 3090 5.69
5685492 3091 5.63
5696161 3090 5.63
5706830 3090 5.56
5717498 3090 5.56
5728167 3090 5.50
5738836 3089 5.50
5749506 3088 5.50
5760175 3089 5.44
5770844 3090 5.44
5781513 3089 5.38
5792181 3089 5.38
5802850 3088 5.31
5813519 3087 5.31
5824188 3090 5.31
5834857 3087 5.25
5845526 3088 5.25
5856195 3087 5.19
5866864 3088 5.19
5877533 3087 5.13
5888202 3086 5.13
5898871 3085 5.13
5909540 3088 5.13
5920209 3088 5.06
5930878 3086 5.06
5941547 3085 5.00
5952216 3085 5.00
5962885 3085 4.94
5973554 3086 4.94
5984223 3085 4.88
5994892 3087 4.88
6005561 3086 4.88
6016230 3085 4.88
6026899 3084 4.81
6037568 3085 4.75
6048237 3084 4.75
6058906 3084 4.75
6069575 3083 4.69
6080244 3084 4.69
6090913 3086 4.69
6101582 3082 4.63
6112251 3084 4.63
6122920 3082 4.63
6133590 3083 4.56
6144259 3083 4.56
6154928 3082 4.50
6165598 3081 4.50
6176267 3082 4.50
6186936 3081 4.44
6197605 3082 4.44
6208274 3081 4.44
6218943 3082 4.38
6229612 3080 4.38
6240281 3081 4.31
6250950 3081 4.31
6261619 3081 4.31
6272288 3081 4.25
6282957 3080 4.25
6293626 3080 4.19
6304296 3081 4.19
6314966 3080 4.19
6325635 3078 4.13
6336304 3079 4.13
6346973 3079 4.13
6357642 3080 4.06
6368311 3079 4.06
6378980 3080 4.00
6389650 3079 4.00
6400319 3077 4.00
6410988 3078 3.94
6421657 3077 3.94
6432326 3077 3.94
6442995 3079 3.94
6453664 3079 3.88
6464334 3078 3.88
6475003 3077 3.81
6485672 3077 3.81
6496342 3077 3.81
6507011 3077 3.81
6517681 3076 3.75
6528350 3077 3.75
6539019 3080 3.69
6549688 3076 3.69
6560357 3077 3.63
6571027 3075 3.63
6581696 3077 3.63
6592365 3075 3.63
6603034 3076 3.56
6613703 3077 3.56
6624373 3076 3.50
6635042 3076 3.50
6645711 3073 3.50
6656380 3075 3.50
6667051 3073 3.44
6677720 3073 3.44
6688389 3075 3.44
6699059 3073 3.38
6709728 3072 3.38
6720397 3076 3.38
6731066 3074 3.31
6741736 3074 3.31
6752405 3075 3.31
6763074 3073 3.25
6773743 3073 3.25
6784413 3073 3.25
6795082 3072 3.19
6805751 3072 3.19
6816421 3072 3.19
6827090 3072 3.13
6837760 3071 3.13
6848430 3071 3.13
6859099 3071 3.06
6869768 3070 3.06
6880438 3070 3.00
6891107 3069 3.00
6901776 3073 2.94
6912446 3070 2.94
6923115 3069 2.94
6933784 3069 2.88
6944454 3069 2.88
6955123 3069 2.81
6965793 3070 2.81
6976462 3069 2.81
6987131 3069 2.75
6997801 3069 2.75
7008471 3068 2.69
7019141 3069 2.69
7029810 3068 2.63
7040479 3067 2.63
7051149 3068 2.63
7061818 3067 2.63
7072488 3067 2.56
7083157 3070 2.56
7093827 3068 2.50
7104496 3067 2.56
7115166 3067 2.44
7125835 3066 2.44
7136504 3066 2.44
7147174 3066 2.38
7157843 3064 2.38
7168514 3067 2.31
7179183 3065 2.31
7189853 3065 2.25
7200522 3064 2.25
7211192 3065 2.25
7221861 3064 2.25
7232531 3064 2.19
7243200 3063 2.19
7253870 3064 2.13
7264539 3065 2.13
7275209 3063 2.06
7285878 3063 2.13
7296548 3064 2.06
7307217 3062 2.00
7317888 3062 2.00
7328557 3064 1.94
7339227 3061 1.94
7349896 3060 1.94
7360566 3063 1.88
7371236 3062 1.88
7381905 3061 1.88
7392575 3061 1.81
7403244 3061 1.81
7413914 3060 1.81
7424584 3060 1.75
7435253 3058 1.75
7445923 3060 1.69
7456592 3059 1.69
7467262 3058 1.69
7477933 3060 1.63
7488602 3059 1.63
7499272 3060 1.56
7509941 3057 1.56
7520611 3058 1.50
7531281 3057 1.50
7541950 3059 1.50
7552620 3058 1.44
7563290 3056 1.44
7573959 3057 1.37
7584629 3057 1.37
7595299 3056 1.37
7605968 3055 1.31
7616638 3054 1.31
7627309 3056 1.31
7637978 3054 1.25
7648648 3055 1.25
7659318 3055 1.25
7669987 3054 1.19
7680657 3054 1.12
7691327 3052 1.19
7701997 3053 1.12
7712666 3051 1.06
7723336 3053 1.06
7734006 3052 1.06
7744675 3052 1.00
7755345 3050 1.00
7766016 3051 0.94
7776686 3052 0.94
7787355 3051 0.94
7798025 3052 0.88
7808695 3049 0.88
7819365 3053 0.88
7830034 3050 0.81
7840704 3050 0.81
7851374 3049 0.81
7862044 3050 0.75
7872714 3050 0.75
7883383 3049 0.75
7894053 3047 0.69
7904723 3050 0.69
7915394 3050 0.63
7926063 3049 0.63
7936733 3048 0.63
7947403 3048 0.56
7958073 3047 0.56
7968743 3047 0.50
7979413 3046 0.50
7990082 3045 0.44
8000752 3048 0.44
8011422 3045 0.44
8022092 3045 0.37
8032762 3045 0.37
8043432 3048 0.37
8054103 3045 0.37
8064772 3045 0.31
8075442 3046 0.31
8086112 3045 0.31
8096782 3046 0.25
8107452 3044 0.19
8118122 3045 0.19
8128792 3044 0.19
8139462 3044 0.19
8150131 3043 0.12
8160801 3044 0.12
8171471 3043 0.12
8182141 3043 0.06
8192812 3045 0.06
8203482 3042 0.06
8214152 3043 0.06
8224822 3042 0.00
8235492 3042 0.00
8246162 3042 0.00
8256832 3044 -0.06
8267502 3044 -0.06
8278171 3042 -0.06
8288841 3041 -0.12
8299511 3044 -0.12
8310181 3042 -0.12
8320851 3042 -0.19
8331522 3041 -0.19
8342192 3041 -0.19
8352862 3040 -0.19
8363532 3039 -0.25
8374202 3041 -0.25
8384872 3040 -0.25
8395542 3042 -0.25
8406212 3040 -0.25
8416882 3040 -0.25
8427552 3038 -0.25
8438222 3039 -0.25
8448892 3042 -0.25
8459563 3038 -0.25
8470233 3041 -0.31
8480903 3040 -0.31
8491573 3041 -0.31
8502243 3039 -0.31
8512913 3039 -0.31
8523583 3039 -0.31
8534253 3039 -0.31
8544923 3039 -0.31
8555593 3041 -0.31
8566263 3038 -0.31
8576933 3039 -0.25
8587603 3040 -0.25
8598274 3038 -0.25
8608944 3037 -0.31
8619614 3038 -0.31
8630284 3039 -0.31
8640954 3039 -0.31
8651624 3039 -0.25
8662294 3037 -0.25
8672964 3037 -0.25
8683634 3038 -0.25
8694304 3038 -0.25
8704974 3037 -0.25
8715644 3036 -0.25
8726315 3037 -0.25
8736985 3035 -0.25
8747655 3039 -0.25
8758325 3036 -0.25
8768995 3035 -0.25
8779665 3035 -0.19
8790335 3038 -0.25
8801005 3038 -0.19
8811675 3036 -0.19
8822345 3036 -0.19
8833015 3035 -0.19
8843685 3037 -0.19
8854355 3037 -0.19
8865026 3037 -0.19
8875696 3037 -0.19
8886365 3035 -0.12
8897035 3036 -0.19
8907705 3036 -0.19
8918375 3034 -0.12
8929045 3035 -0.12
8939715 3037 -0.19
8950385 3034 -0.19
8961055 3035 -0.12
8971725 3036 -0.19
8982395 3035 -0.19
8993065 3035 -0.19
9003736 3035 -0.19
9014406 3034 -0.19
9025076 3035 -0.19
9035746 3034 -0.19
9046416 3035 -0.19
9057086 3034 -0.19
9067756 3037 -0.19
9078426 3035 -0.19
9089096 3037 -0.19
9099766 3034 -0.19
9110436 3033 -0.25
9121106 3037 -0.25
9131777 3034 -0.25
9142447 3035 -0.19
9153117 3034 -0.19
9163787 3035 -0.19
9174457 3034 -0.19
9185127 3034 -0.19
9195797 3033 -0.19
9206467 3036 -0.19
9217137 3035 -0.19
9227807 3034 -0.19
9238477 3035 -0.19
9249147 3035 -0.19
9259817 3035 -0.12
9270488 3034 -0.12
9281158 3034 -0.12
9291828 3034 -0.12
9302498 3036 -0.12
9313168 3034 -0.12
9323838 3035 -0.12
9334508 3034 -0.12
9345178 3034 -0.12
9355848 3035 -0.12
9366518 3034 -0.06
9377188 3034 -0.12
9387858 3033 -0.06
9398529 3036 -0.06
9409199 3034 -0.06
9419869 3033 -0.06
9430539 3035 -0.06
9441209 3034 -0.06
9451879 3036 0.00
9462548 3034 0.00
9473218 3032 0.00
9483888 3033 0.00
9494558 3033 0.00
9505228 3033 0.00
9515898 3033 0.00
9526568 3033 0.00
9537239 3031 0.00
9547909 3034 0.00
9558579 3033 0.00
9569248 3031 0.00
9579918 3034 0.00
9590588 3033 0.00
9601258 3031 0.00
9611928 3033 0.00
9622598 3031 0.00
9633268 3034 0.00
9643938 3031 0.00
9654608 3031 -0.06
9665278 3030 -0.06
9675949 3034 -0.06
9686619 3030 -0.06
9697289 3031 -0.06
9707958 3031 -0.06
9718628 3031 -0.06
9729298 3031 -0.06
9739968 3031 -0.12
9750638 3029 -0.12
9761308 3032 -0.12
9771978 3030 -0.12
9782648 3032 -0.12
9793318 3029 -0.12
9803988 3030 -0.12
9814659 3029 -0.12
9825329 3032 -0.19
9835999 3030 -0.19
9846669 3030 -0.12
9857339 3030 -0.19
9868009 3029 -0.19
9878679 3030 -0.19
9889349 3029 -0.19
9900019 3028 -0.19
9910689 3027 -0.19
9921359 3028 -0.19
9932029 3026 -0.19
9942700 3028 -0.19
9953370 3029 -0.19
9964040 3027 -0.25
9974710 3027 -0.19
9985380 3029 -0.25
9996050 3028 -0.25
10006720 3026 -0.25
10017390 3029 -0.25
10028060 3025 -0.25
10038730 3027 -0.25
10049400 3025 -0.25
10060070 3026 -0.25
10070740 3026 -0.25
10081411 3027 -0.25
10092081 3026 -0.25
10102751 3025 -0.25
10113421 3030 -0.25
10124091 3024 -0.25
10134761 3028 -0.25
10145431 3026 -0.25
10156101 3026 -0.25
10166771 3026 -0.25
10177441 3026 -0.25
10188112 3026 -0.25
10198782 3027 -0.25
10209453 3026 -0.25
10220123 3029 -0.25
10230793 3029 -0.31
10241463 3026 -0.31
10252133 3026 -0.31
10262803 3026 -0.31
10273473 3028 -0.31
10284143 3026 -0.31
10294813 3025 -0.31
10305483 3025 -0.37
10316153 3028 -0.37
10326824 3028 -0.37
10337495 3028 -0.37
10348165 3024 -0.44
10358835 3024 -0.44
10369505 3024 -0.44
10380175 3024 -0.44
10390845 3026 -0.50
10401515 3023 -0.50
10412185 3025 -0.50
10422855 3024 -0.50
10433525 3023 -0.50
10444196 3024 -0.56
10454866 3024 -0.56
10465537 3022 -0.56
10476207 3024 -0.56
10486877 3022 -0.63
10497547 3024 -0.63
10508217 3022 -0.63
10518887 3023 -0.63
10529557 3022 -0.69
10540228 3023 -0.69
10550898 3021 -0.69
10561568 3024 -0.69
10572238 3022 -0.69
10582908 3024 -0.75
10593579 3025 -0.75
10604250 3021 -0.75
10614920 3021 -0.81
10625590 3020 -0.81
10636260 3021 -0.81
10646930 3021 -0.88
10657600 3022 -0.88
10668270 3021 -0.88
10678941 3019 -0.88
10689611 3022 -0.94
10700281 3021 -0.94
10710951 3022 -0.94
10721622 3020 -0.94
10732293 3022 -1.00
10742963 3021 -1.00
10753633 3021 -1.00
10764303 3018 -1.00
10774973 3020 -1.06
10785644 3021 -1.06
10796314 3021 -1.06
10806984 3018 -1.12
10817654 3019 -1.12
10828325 3020 -1.12
10838995 3018 -1.19
10849666 3020 -1.19
10860336 3020 -1.19
10871006 3021 -1.19
10881677 3019 -1.25
10892347 3019 -1.25
10903017 3017 -1.25
10913687 3018 -1.31
10924358 3017 -1.31
10935028 3018 -1.31
10945698 3017 -1.31
10956369 3018 -1.37
10967040 3021 -1.37
10977710 3020 -1.44
10988381 3015 -1.44
10999051 3017 -1.44
11009721 3018 -1.50
11020391 3017 -1.50
11031062 3015 -1.50
11041732 3017 -1.50
11052402 3015 -1.50
11063073 3019 -1.56
11073743 3017 -1.56
11084413 3016 -1.63
11095085 3016 -1.63
11105755 3015 -1.63
11116425 3015 -1.63
11127096 3018 -1.69
11137766 3016 -1.69
11148436 3018 -1.69
11159107 3015 -1.75
11169777 3015 -1.75
11180447 3015 -1.75
11191118 3018 -1.81
11201788 3015 -1.81
11212459 3015 -1.81
11223130 3015 -1.88
11233800 3013 -1.88
11244471 3015 -1.88
11255141 3014 -1.94
11265811 3013 -1.94
11276482 3015 -1.94
11287152 3013 -1.94
11297823 3013 -2.00
11308493 3012 -2.00
11319163 3013 -2.00
11329835 3013 -2.06
11340505 3014 -2.06
11351176 3012 -2.06
11361846 3015 -2.13
11372517 3016 -2.13
11383187 3013 -2.13
11393858 3013 -2.19
11404528 3013 -2.19
11415198 3011 -2.19
11425869 3011 -2.19
11436539 3015 -2.25
11447211 3013 -2.25
11457881 3011 -2.25
11468552 3013 -2.25
11479222 3010 -2.31
11489893 3012 -2.31
11500563 3012 -2.31
11511234 3010 -2.38
11521904 3012 -2.38
11532575 3013 -2.38
11543245 3012 -2.38
11553916 3010 -2.38
11564587 3010 -2.44
11575258 3010 -2.44
11585928 3011 -2.44
11596599 3011 -2.44
11607269 3011 -2.50
11617940 3012 -2.50
11628610 3011 -2.50
11639281 3013 -2.56
11649951 3010 -2.56
11660622 3010 -2.56
11671292 3012 -2.63
11681964 3010 -2.63
11692635 3012 -2.63
11703305 3013 -2.63
11713976 3010 -2.63
11724646 3010 -2.69
11735317 3010 -2.69
11745987 3010 -2.69
11756658 3009 -2.75
11767328 3010 -2.75
11777999 3009 -2.75
11788670 3010 -2.75
11799341 3009 -2.75
11810012 3013 -2.81
11820682 3009 -2.81
11831353 3010 -2.81
11842023 3009 -2.88
11852694 3009 -2.88
11863365 3008 -2.88
11874035 3009 -2.94
11884706 3009 -2.94
11895377 3009 -2.94
11906048 3012 -2.94
11916719 3009 -2.94
11927389 3008 -3.00
11938060 3007 -3.00
11948731 3008 -3.00
11959401 3008 -3.00
11970072 3010 -3.00
11980742 3009 -3.06
11991413 3006 -3.06
12002084 3010 -3.06
12012754 3007 -3.06
12023426 3008 -3.13
12034097 3007 -3.13
12044767 3008 -3.13
12055438 3008 -3.13
12066109 3006 -3.13
12076779 3007 -3.19
12087450 3007 -3.19
12098121 3009 -3.19
12108792 3006 -3.19
12119462 3007 -3.25
12130134 3006 -3.25
12140805 3006 -3.25
12151475 3009 -3.25
12162146 3006 -3.31
12172817 3006 -3.25
12183487 3005 -3.31
12194158 3007 -3.31
12204829 3008 -3.38
12215499 3005 -3.38
12226170 3008 -3.38
12236841 3006 -3.38
12247512 3006 -3.38
12258183 3006 -3.38
12268854 3005 -3.44
12279525 3005 -3.44
12290195 3008 -3.44
12300866 3006 -3.44
12311537 3006 -3.50
12322208 3006 -3.50
12332878 3004 -3.50
12343549 3005 -3.50
12354221 3006 -3.56
12364892 3004 -3.56
12375562 3004 -3.56
12386233 3005 -3.56
12396904 3004 -3.63
12407575 3004 -3.63
12418245 3006 -3.63
12428916 3006 -3.63
12439587 3006 -3.63
12450258 3005 -3.69
12460929 3005 -3.69
12471600 3003 -3.69
12482271 3004 -3.69
12492942 3005 -3.75
12503612 3003 -3.75
12514283 3003 -3.75
12524954 3008 -3.75
12535625 3003 -3.75
12546296 3003 -3.75
12556966 3004 -3.81
12567638 3002 -3.81
12578309 3005 -3.81
12588980 3002 -3.81
12599651 3004 -3.81
12610322 3002 -3.81
12620992 3003 -3.88
12631663 3002 -3.88
12642334 3003 -3.88
12653005 3003 -3.94
12663676 3002 -3.94
12674347 3004 -3.94
12685018 3002 -3.94
12695689 3005 -4.00
12706360 3004 -4.00
12717031 3002 -4.00
12727702 3004 -4.00
12738372 3002 -4.00
12749043 3002 -4.06
12759714 3002 -4.06
12770385 3002 -4.06
12781057 3002 -4.06
12791728 3001 -4.13
12802399 3004 -4.13
12813069 3002 -4.13
12823740 3001 -4.19
12834411 3001 -4.13
12845082 3001 -4.19
12855753 3001 -4.19
12866424 3001 -4.19
12877095 3004 -4.19
12887767 3000 -4.25
12898437 3000 -4.25
12909108 2999 -4.25
12919779 3001 -4.31
12930450 3001 -4.31
12941121 3000 -4.31
12951792 2999 -4.31
12962463 3000 -4.31
12973134 2999 -4.38
12983805 3000 -4.38
12994477 2999 -4.38
13005148 3000 -4.38
13015819 3000 -4.38
13026490 2999 -4.44
13037161 2999 -4.44
13047831 2999 -4.44
13058502 2999 -4.50
13069173 3001 -4.50
13079844 2999 -4.50
13090515 3000 -4.50
13101187 2998 -4.56
13111858 3002 -4.56
13122529 3000 -4.56
13133200 2998 -4.56
13143871 3003 -4.56
13154542 3009 -3.88
13165213 3010 -3.50
13175883 3007 -3.19
13186554 3008 -3.00
13197224 3009 -2.88
13207896 3007 -2.75
13218567 3008 -2.63
13229237 3007 -2.56
13239908 3008 -2.50
13250578 3009 -2.44
13261249 3008 -2.38
13271919 3008 -2.38
13282590 3010 -2.31
13293260 3007 -2.31
13303931 3008 -2.25
13314601 3007 -2.25
13325273 3009 -2.19
13335943 3009 -2.25
13346614 3010 -2.19
13357284 3009 -2.13
13367954 3011 -1.94
13378625 3015 -1.63
13389295 3018 -1.25
13399965 3013 -0.88
13410635 3016 -0.69
13421306 3010 -0.50
13431976 3011 -0.37
13442647 3018 -0.25
13453317 3028 -0.19
13463987 3023 -0.06
13474657 3022 0.06
13485327 3023 0.12
13495997 3021 0.25
13506667 3037 0.31
13517337 3026 0.37
13528007 3027 0.44
13538676 3041 0.50
13549346 3022 0.56
13560016 3025 0.63
13570686 3028 0.69
13581357 3028 0.69
13592027 3041 0.75
13602697 3039 0.81
13613366 3029 0.81
13624036 3029 0.88
13634706 3030 0.94
13645376 3027 0.94
13656046 3029 0.94
13666715 3030 1.00
13677385 3032 1.06
13688055 3029 1.06
13698725 3026 1.06
13709394 3032 1.12
13720065 3034 1.12
13730735 3028 1.19
13741405 3030 1.19
13752074 3032 1.19
13762744 3030 1.25
13773414 3029 1.25
13784083 3026 1.25
13794753 3040 1.25
13805423 3039 1.31
13816093 3032 1.31
13826762 3030 1.37
13837432 3040 1.37
13848102 3025 1.44
13858771 3025 1.44
13869442 3026 1.50
13880112 3023 1.50
13890781 3026 1.56
13901451 3027 1.56
13912121 3028 1.63
13922790 3030 1.63
13933460 3027 1.69
13944129 3025 1.69
13954799 3027 1.75
13965469 3028 1.75
13976138 3028 1.75
13986808 3027 1.81
13997477 3027 1.81
14008147 3033 1.88
14018817 3043 1.88
14029487 3031 1.88
14040157 3029 1.94
14050826 3028 1.94
14061496 3028 1.94
14072165 3041 2.00
14082835 3026 2.06
14093504 3028 2.06
14104174 3029 2.06
14114843 3034 2.13
14125513 3042 2.13
14136182 3037 2.19
14146852 3043 2.19
14157521 3028 2.19
14168192 3032 2.25
14178861 3044 2.25
14189531 3042 2.25
14200200 3029 2.31
14210870 3032 2.31
14221539 3046 2.38
14232208 3035 2.38
14242878 3029 2.44
14253547 3034 2.44
14264217 3030 2.44
14274886 3030 2.50
14285556 3031 2.50
14296225 3031 2.56
14306895 3031 2.56
14317564 3036 2.56
14328233 3045 2.56
14338904 3036 2.63
14349573 3031 2.63
14360243 3032 2.63
14370912 3040 2.69
14381581 3042 2.69
14392251 3032 2.69
14402920 3034 2.75
14413590 3039 2.75
14424259 3040 2.75
14434928 3041 2.75
14445598 3047 2.81
14456267 3046 2.81
14466936 3034 2.81
14477606 3033 2.88
14488275 3035 2.88
14498945 3039 2.94
14509615 3044 2.94
14520284 3042 2.94
14530953 3035 2.94
14541623 3040 2.94
14552292 3047 3.00
14562961 3044 3.00
14573631 3048 3.00
14584300 3043 3.06
14594969 3035 3.06
14605639 3037 3.06
14616308 3036 3.06
14626977 3035 3.06
14637646 3038 3.06
14648316 3050 3.06
14658985 3036 3.13
14669655 3045 3.13
14680325 3035 3.13
14690994 3038 3.13
14701663 3037 3.13
14712333 3038 3.19
14723002 3038 3.19
14733671 3041 3.19
14744340 3051 3.19
14755010 3036 3.19
14765679 3036 3.19
14776348 3037 3.25
14787017 3052 3.25
14797687 3038 3.25
14808356 3039 3.25
14819025 3038 3.31
14829694 3050 3.31
14840365 3036 3.31
14851034 3037 3.31
14861703 3038 3.31
14872372 3039 3.31
14883042 3038 3.38
14893711 3037 3.38
14904380 3036 3.38
14915049 3052 3.38
14925719 3039 3.44
14936388 3040 3.44
14947057 3038 3.44
14957726 3052 3.44
14968395 3048 3.44
14979065 3052 3.44
14989734 3038 3.44
15000403 3052 3.50
15011073 3039 3.50
15021743 3036 3.50
15032412 3038 3.56
15043081 3039 3.50
15053750 3039 3.50
15064420 3052 3.56
15075089 3052 3.56
15085758 3053 3.56
15096427 3046 3.56
15107096 3041 3.56
15117766 3052 3.56
15128435 3038 3.56
15139104 3051 3.56
15149773 3039 3.63
15160442 3040 3.63
15171112 3054 3.63
15181782 3037 3.63
15192451 3040 3.63
15203120 3047 3.63
15213789 3053 3.63
15224458 3053 3.69
15235128 3052 3.69
15245797 3055 3.69
15256466 3039 3.75
15267135 3040 3.69
15277804 3039 3.75
15288473 3040 3.69
15299143 3041 3.75
15309812 3054 3.75
15320481 3050 3.75
15331150 3054 3.75
15341819 3054 3.75
15352488 3055 3.81
15363159 3039 3.81
15373828 3042 3.81
15384497 3055 3.81
15395166 3040 3.81
15405835 3051 3.81
15416505 3040 3.81
15427174 3041 3.88
15437843 3042 3.88
15448512 3041 3.88
15459181 3048 3.88
15469850 3056 3.88
15480520 3052 3.88
15491189 3055 3.88
15501858 3056 3.94
15512527 3056 3.94
15523196 3047 3.94
15533865 3039 3.94
15544535 3040 3.94
15555204 3041 3.94
15565873 3039 3.94
15576543 3051 3.94
15587212 3056 4.00
15597881 3052 4.00
15608550 3043 4.00
15619219 3041 4.00
15629888 3038 4.00
15640557 3040 4.00
15651226 3041 4.00
15661895 3053 4.00
15672565 3055 4.06
15683234 3041 4.06
15693903 3041 4.06
15704572 3042 4.06
15715241 3044 4.06
15725911 3042 4.06
15736580 3053 4.06
15747249 3054 4.13
15757918 3047 4.13
15768587 3043 4.13
15779257 3041 4.13
15789926 3044 4.13
15800595 3056 4.19
15811264 3045 4.19
15821933 3045 4.19
15832602 3046 4.19
15843271 3046 4.19
15853940 3045 4.19
15864609 3046 4.19
15875279 3042 4.25
15885948 3058 4.25
15896617 3055 4.25
15907287 3046 4.25
15917956 3044 4.31
15928625 3043 4.31
15939294 3059 4.31
15949963 3046 4.31
15960632 3046 4.31
15971301 3061 4.31
15981970 3058 4.31
15992639 3054 4.31
16003308 3059 4.38
16013977 3059 4.38
16024646 3061 4.38
16035315 3060 4.38
16045984 3053 4.38
16056653 3046 4.44
16067322 3046 4.38
16077992 3056 4.38
16088662 3056 4.44
16099331 3048 4.44
16110000 3045 4.44
16120669 3060 4.44
16131338 3048 4.44
16142007 3046 4.44
16152676 3045 4.50
16163345 3054 4.50
16174014 3059 4.50
16184683 3057 4.50
16195352 3053 4.50
16206021 3047 4.50
16216690 3048 4.50
16227359 3047 4.56
16238028 3047 4.56
16248697 3057 4.50
16259366 3045 4.56
16270035 3051 4.56
16280705 3063 4.56
16291374 3064 4.56
16302043 3064 4.63
16312712 3063 4.63
16323381 3062 4.63
16334050 3051 4.63
16344720 3061 4.63
16355389 3060 4.63
16366058 3061 4.63
16376727 3050 4.69
16387396 3048 4.69
16398065 3048 4.69
16408734 3049 4.69
16419402 3050 4.69
16430071 3052 4.69
16440740 3047 4.75
16451409 3052 4.75
16462078 3061 4.75
16472748 3058 4.75
16483417 3061 4.75
16494086 3051 4.75
16504755 3044 4.81
16515424 3049 4.81
16526093 3055 4.81
16536762 3051 4.81
16547431 3045 4.81
16558100 3042 4.81
16568769 3042 4.81
16579438 3047 4.88
16590107 3050 4.88
16600776 3052 4.88
16611445 3045 4.88
16622114 3060 4.88
16632783 3046 4.94
16643452 3044 4.94
16654121 3044 4.94
16664791 3045 4.94
16675460 3046 4.94
16686129 3062 4.94
16696798 3050 4.94
16707467 3062 5.00
16718136 3049 5.00
16728804 3053 5.00
16739473 3056 5.00
16750142 3051 5.00
16760811 3052 5.00
16771480 3062 5.00
16782149 3058 5.00
16792818 3052 5.06
16803487 3050 5.06
16814156 3047 5.06
16824825 3057 5.06
16835494 3061 5.06
16846162 3060 5.06
16856832 3049 5.13
16867501 3057 5.06
16878170 3049 5.13
16888839 3054 5.13
16899508 3057 5.13
16910177 3064 5.13
16920846 3064 5.19
16931515 3064 5.13
16942184 3064 5.19
16952853 3051 5.13
16963521 3064 5.19
16974190 3051 5.19
16984859 3049 5.19
16995528 3049 5.19
17006197 3049 5.19
17016866 3051 5.19
17027535 3062 5.19
17038204 3058 5.25
17048873 3051 5.25
17059543 3067 5.25
17070212 3053 5.25
17080880 3055 5.25
17091549 3057 5.25
17102218 3069 5.31
17112887 3069 5.31
17123556 3054 5.31
17134225 3068 5.31
17144894 3059 5.31
17155563 3055 5.31
17166232 3054 5.31
17176900 3054 5.38
17187569 3070 5.38
17198238 3059 5.38
17208907 3057 5.38
17219576 3057 5.38
17230245 3056 5.38
17240914 3054 5.38
17251582 3055 5.38
17262252 3069 5.44
17272921 3054 5.44
17283590 3055 5.44
17294259 3053 5.44
17304928 3056 5.44
17315596 3058 5.44
17326265 3070 5.44
17336934 3068 5.44
17347603 3062 5.50
17358272 3055 5.50
17368941 3056 5.50
17379610 3069 5.50
17390278 3068 5.50
17400947 3052 5.50
17411616 3049 5.50
17422285 3051 5.50
17432954 3048 5.56
17443623 3049 5.56
17454291 3048 5.56
17464961 3049 5.56
17475630 3047 5.56
17486299 3050 5.56
17496968 3046 5.56
17507637 3053 5.56
17518306 3063 5.56
17528974 3062 5.56
17539643 3051 5.56
17550312 3049 5.63
17560981 3050 5.63
17571650 3063 5.63
17582319 3052 5.63
17592987 3049 5.63
17603656 3050 5.63
17614325 3061 5.63
17624994 3051 5.63
17635663 3049 5.63
17646331 3062 5.63
17657000 3051 5.63
17667670 3047 5.63
17678339 3065 5.69
17689008 3058 5.69
17699676 3051 5.69
17710345 3050 5.69
17721014 3053 5.69
17731683 3052 5.69
17742352 3049 5.69
17753020 3051 5.69
17763689 3062 5.69
17774358 3062 5.69
17785027 3060 5.69
17795696 3064 5.69
17806364 3065 5.69
17817033 3066 5.69
17827702 3060 5.69
17838371 3052 5.69
17849039 3049 5.69
17859708 3058 5.69
17870377 3064 5.75
17881047 3054 5.75
17891716 3052 5.69
17902384 3051 5.75
17913053 3051 5.75
17923722 3053 5.75
17934391 3052 5.75
17945060 3053 5.75
17955728 3051 5.75
17966397 3066 5.75
17977066 3049 5.75
17987735 3053 5.75
17998403 3065 5.75
18009072 3058 5.75
18019741 3052 5.75
18030410 3060 5.75
18041079 3061 5.75
18051747 3065 5.75
18062416 3051 5.75
18073085 3047 5.75
18083755 3063 5.75
18094423 3066 5.81
18105092 3065 5.75
18115761 3063 5.75
18126430 3053 5.75
18137099 3049 5.75
18147767 3066 5.75
18158436 3051 5.75
18169105 3049 5.81
18179774 3058 5.75
18190443 3067 5.81
18201111 3064 5.81
18211780 3064 5.81
18222449 3052 5.81
18233118 3050 5.81
18243786 3049 5.81
18254455 3052 5.81
18265124 3052 5.81
18275793 3053 5.81
18286462 3052 5.81
18297131 3049 5.88
18307800 3059 5.88
18318469 3062 5.88
18329138 3051 5.88
18339806 3049 5.88
18350475 3056 5.88
18361144 3067 5.88
18371813 3052 5.88
18382482 3051 5.88
18393150 3052 5.88
18403819 3058 5.88
18414488 3053 5.94
18425157 3050 5.88
18435825 3054 5.88
18446494 3064 5.88
18457163 3058 5.94
18467832 3066 5.94
18478500 3064 5.94
18489169 3050 5.94
18499838 3052 5.94
18510508 3053 5.94
18521176 3067 5.94
18531845 3060 5.94
18542514 3056 5.94
18553182 3066 5.94
18563851 3052 6.00
18574520 3051 6.00
18585189 3060 6.00
18595857 3051 6.00
18606526 3054 6.00
18617195 3051 6.00
18627863 3053 6.00
18638532 3066 6.00
18649201 3051 6.00
18659870 3065 6.00
18670538 3053 6.06
18681207 3052 6.06
18691876 3057 6.06
18702545 3065 6.06
18713213 3050 6.06
18723883 3053 6.06
18734552 3068 6.06
18745220 3052 6.06
18755889 3069 6.06
18766558 3054 6.13
18777226 3056 6.06
18787895 3052 6.13
18798564 3062 6.13
18809233 3050 6.13
18819901 3067 6.13
18830570 3069 6.13
18841239 3067 6.19
18851908 3066 6.19
18862576 3068 6.19
18873245 3069 6.19
18883914 3054 6.19
18894582 3054 6.19
18905251 3054 6.19
18915920 3055 6.19
18926589 3055 6.19
18937257 3054 6.25
18947927 3054 6.25
18958596 3054 6.25
18969264 3062 6.25
18979933 3064 6.25
18990602 3054 6.25
19001271 3054 6.25
19011939 3069 6.31
19022608 3055 6.31
19033277 3052 6.31
19043945 3056 6.31
19054614 3060 6.31
19065283 3070 6.31
19075951 3061 6.31
19086620 3055 6.31
19097289 3055 6.38
19107957 3053 6.38
19118626 3055 6.38
19129295 3070 6.38
19139963 3057 6.38
19150632 3062 6.38
19161302 3056 6.38
19171970 3072 6.44
19182639 3054 6.44
19193308 3072 6.44
19203976 3059 6.44
19214645 3072 6.44
19225314 3068 6.44
19235982 3072 6.44
19246651 3057 6.50
19257320 3054 6.50
19267988 3056 6.50
19278657 3065 6.50
19289326 3066 6.50
19299994 3073 6.50
19310663 3072 6.50
19321331 3072 6.56
19332000 3072 6.56
19342669 3073 6.56
19353337 3057 6.56
19364006 3056 6.56
19374675 3070 6.63
19385344 3057 6.56
19396013 3067 6.63
19406682 3058 6.63
19417350 3059 6.63
19428019 3073 6.63
19438688 3066 6.63
19449356 3059 6.69
19460025 3055 6.69
19470693 3058 6.69
19481362 3068 6.69
19492031 3056 6.69
19502699 3067 6.69
19513368 3074 6.69
19524036 3058 6.75
19534705 3068 6.69
19545374 3060 6.75
19556042 3061 6.75
19566711 3059 6.75
19577379 3057 6.75
19588048 3062 6.81
19598716 3076 6.75
19609385 3061 6.81
19620055 3059 6.81
19630723 3058 6.81
19641392 3058 6.81
19652060 3072 6.88
19662729 3061 6.81
19673398 3058 6.88
19684066 3069 6.88
19694735 3057 6.88
19705403 3064 6.88
19716072 3059 6.94
19726740 3076 6.88
19737409 3061 6.94
19748078 3071 6.94
19758746 3073 6.94
19769415 3067 6.94
19780083 3060 6.94
19790752 3068 7.00
19801421 3067 7.00
19812089 3061 7.00
19822758 3062 7.00
19833426 3059 7.00
19844096 3078 7.00
19854764 3063 7.06
19865433 3063 7.06
19876102 3064 7.06
19886770 3064 7.06
19897439 3062 7.06
19908107 3082 7.06
19918776 3067 7.13
19929444 3066 7.13
19940113 3066 7.13
19950781 3067 7.13
19961450 3067 7.13
19972118 3066 7.19
19982787 3074 7.19
19993456 3073 7.19
20004124 3074 7.19
20014793 3070 7.19
20025461 3066 7.25
20036130 3080 7.25
20046798 3081 7.25
20057467 3081 7.25
20068135 3081 7.25
20078804 3083 7.31
20089473 3069 7.31
20100142 3069 7.31
20110810 3068 7.31
20121479 3067 7.31
20132147 3066 7.31
20142816 3067 7.31
20153484 3077 7.38
20164153 3082 7.38
20174821 3081 7.38
20185490 3081 7.44
20196158 3080 7.44
20206827 3071 7.44
20217495 3064 7.44
20228164 3063 7.44
20238832 3065 7.44
20249501 3082 7.44
20260169 3065 7.50
20270837 3072 7.50
20281506 3081 7.50
20292174 3066 7.50
20302843 3069 7.50
20313511 3082 7.50
20324180 3064 7.56
20334849 3068 7.56
20345518 3068 7.56
20356186 3079 7.56
20366855 3082 7.63
20377523 3079 7.63
20388191 3064 7.63
20398860 3069 7.63
20409528 3066 7.69
20420197 3082 7.69
20430865 3068 7.69
20441534 3079 7.69
20452202 3081 7.69
20462871 3068 7.75
20473539 3072 7.75
20484208 3068 7.69
20494876 3078 7.75
20505544 3070 7.75
20516213 3073 7.75
20526881 3084 7.75
20537550 3072 7.81
20548218 3067 7.81
20558886 3074 7.81
20569555 3069 7.81
20580224 3068 7.81
20590893 3082 7.81
20601561 3077 7.81
20612229 3068 7.88
20622898 3070 7.88
20633566 3085 7.88
20644234 3079 7.88
20654903 3069 7.88
20665571 3068 7.94
20676240 3067 7.94
20686908 3071 7.94
20697576 3069 7.94
20708245 3079 7.94
20718913 3069 8.00
20729582 3085 8.00
20740250 3070 8.00
20750918 3084 8.00
20761587 3081 8.00
20772255 3077 8.00
20782923 3080 8.06
20793592 3075 8.06
20804260 3070 8.06
20814929 3081 8.06
20825597 3075 8.06
20836265 3070 8.13
20846935 3086 8.13
20857603 3071 8.13
20868271 3069 8.13
20878940 3083 8.13
20889608 3071 8.13
20900277 3078 8.19
20910945 3071 8.19
20921613 3069 8.19
20932282 3086 8.19
20942950 3071 8.19
20953618 3086 8.25
20964287 3069 8.25
20974955 3084 8.25
20985623 3071 8.25
20996292 3084 8.25
21006960 3070 8.31
21017628 3078 8.31
21028296 3072 8.31
21038965 3087 8.31
21049633 3070 8.31
21060301 3072 8.31
21070970 3088 8.38
21081638 3071 8.38
21092306 3074 8.38
21102976 3089 8.38
21113644 3072 8.38
21124312 3074 8.38
21134981 3074 8.44
21145649 3075 8.44
21156317 3088 8.44
21166986 3073 8.44
21177654 3077 8.44
21188322 3075 8.50
21198991 3074 8.50
21209659 3078 8.50
21220327 3089 8.50
21230995 3087 8.56
21241664 3079 8.56
21252332 3074 8.56
21263000 3074 8.56
21273668 3073 8.56
21284337 3075 8.56
21295005 3072 8.56
21305673 3091 8.63
21316342 3077 8.63
21327010 3075 8.63
21337678 3075 8.63
21348346 3075 8.63
21359015 3073 8.69
21369683 3090 8.69
21380352 3076 8.69
21391020 3072 8.69
21401689 3086 8.69
21412357 3089 8.69
21423025 3079 8.75
21433693 3073 8.75
21444362 3076 8.75
21455030 3089 8.75
21465698 3091 8.75
21476366 3093 8.75
21487035 3088 8.81
21497703 3077 8.81
21508371 3077 8.81
21519039 3076 8.81
21529708 3078 8.81
21540376 3076 8.81
21551044 3076 8.81
21561712 3077 8.88
21572381 3079 8.88
21583049 3086 8.88
21593717 3089 8.88
21604385 3092 8.88
21615053 3074 8.94
21625722 3076 8.88
21636390 3076 8.94
21647058 3077 8.94
21657726 3076 8.94
21668395 3076 8.94
21679064 3080 8.94
21689732 3094 9.00
21700400 3077 9.00
21711068 3077 9.00
21721736 3094 9.00
21732405 3091 9.00
21743073 3090 9.06
21753741 3077 9.06
21764409 3094 9.06
21775077 3079 9.06
21785745 3094 9.06
21796414 3076 9.13
21807082 3084 9.13
21817750 3085 9.13
21828418 3077 9.13
21839086 3094 9.13
21849755 3079 9.13
21860423 3094 9.19
21871091 3079 9.19
21881759 3092 9.19
21892427 3094 9.19
21903096 3080 9.19
21913764 3085 9.19
21924432 3079 9.19
21935100 3080 9.25
21945768 3088 9.25
21956436 3078 9.25
21967106 3082 9.25
21977774 3097 9.25
21988442 3087 9.25
21999110 3080 9.31
22009778 3097 9.31
22020446 3078 9.31
22031114 3078 9.31
22041782 3080 9.31
22052451 3097 9.31
22063119 3081 9.38
22073787 3098 9.38
22084455 3081 9.38
22095123 3080 9.38
22105791 3079 9.38
22116459 3088 9.38
22127127 3088 9.44
22137796 3098 9.44
22148464 3080 9.44
22159132 3088 9.44
22169800 3098 9.44
22180468 3082 9.50
22191136 3090 9.50
22201804 3084 9.50
22212472 3083 9.50
22223141 3082 9.56
22233809 3081 9.56
22244477 3081 9.50
22255145 3096 9.56
22265814 3083 9.56
22276482 3092 9.56
22287150 3096 9.56
22297818 3083 9.63
22308487 3081 9.63
22319155 3094 9.63
22329823 3093 9.63
22340491 3083 9.63
22351159 3083 9.63
22361827 3081 9.69
22372495 3080 9.69
22383163 3099 9.69
22393831 3084 9.69
22404499 3080 9.69
22415167 3081 9.69
22425835 3082 9.75
22436503 3083 9.75
22447171 3085 9.75
22457840 3083 9.75
22468508 3083 9.75
22479176 3086 9.75
22489844 3081 9.81
22500512 3088 9.81
22511180 3081 9.81
22521848 3089 9.81
22532516 3100 9.81
22543184 3089 9.81
22553852 3083 9.81
22564520 3099 9.88
22575188 3084 9.88
22585857 3102 9.88
22596525 3084 9.88
22607193 3100 9.88
22617861 3084 9.88
22628529 3098 9.88
22639198 3087 9.94
22649866 3090 9.94
22660534 3086 9.94
22671202 3089 9.94
22681870 3090 10.00
22692538 3083 10.00
22703206 3102 10.00
22713874 3086 10.00
22724542 3102 10.00
22735210 3085 10.00
22745878 3093 10.00
22756546 3083 10.00
22767214 3102 10.06
22777882 3093 10.06
22788550 3088 10.06
22799218 3087 10.06
22809886 3084 10.06
22820554 3091 10.13
22831222 3086 10.13
22841890 3104 10.13
22852558 3102 10.13
22863226 3094 10.13
22873894 3092 10.13
22884562 3092 10.19
22895230 3093 10.13
22905900 3094 10.13
22916568 3094 10.19
22927236 3095 10.19
22937904 3094 10.19
22948572 3094 10.25
22959240 3094 10.19
22969908 3095 10.25
22980576 3095 10.25
22991244 3096 10.25
23001912 3095 10.25
23012580 3094 10.25
23023248 3097 10.31
23033916 3094 10.31
23044584 3095 10.31
23055252 3096 10.31
23065920 3096 10.31
23076588 3096 10.31
23087256 3095 10.31
23097924 3096 10.38
23108592 3094 10.38
23119260 3098 10.38
23129928 3096 10.38
23140596 3095 10.38
23151264 3095 10.44
23161932 3095 10.38
23172600 3095 10.44
23183268 3095 10.44
23193936 3095 10.44
23204604 3095 10.44
23215272 3097 10.44
23225940 3095 10.50
23236609 3096 10.50
23247277 3096 10.50
23257945 3095 10.50
23268613 3096 10.50
23279281 3095 10.50
23289949 3095 10.56
23300616 3095 10.50
23311284 3097 10.56
23321952 3096 10.56
23332620 3097 10.56
23343288 3096 10.56
23353956 3096 10.56
23364624 3096 10.56
23375292 3096 10.63
23385960 3096 10.63
23396628 3095 10.63
23407296 3097 10.63
23417964 3097 10.63
23428632 3097 10.63
23439300 3097 10.63
23449968 3097 10.69
23460636 3096 10.69
23471304 3096 10.69
23481972 3096 10.69
23492640 3096 10.69
23503308 3098 10.69
23513976 3097 10.75
23524644 3097 10.75
23535311 3096 10.75
23545979 3097 10.75