3018 6.31
3017 6.31
3018 6.31
3017 6.31
3017 6.31
3017 6.31
3018 6.31
3017 6.31
3017 6.31
3017 6.31
3017 6.31
3018 6.31
3017 6.31
3017 6.31
3017 6.31
3017 6.31
3017 6.31
3017 6.31
3018 6.31
3017 6.31
3018 6.31
3017 6.31
3018 6.31
3017 6.31
3017 6.31
3017 6.31
3017 6.31
3018 6.31
3017 6.31
3017 6.31
3018 6.31
3017 6.31
3017 6.31
3017 6.31
3017 6.31
3017 6.31
3017 6.31
3017 6.31
3017 6.31
3017 6.31
3017 6.31
3017 6.31
3017 6.31
3017 6.31
3017 6.31
3016 6.31
3017 6.31
3017 6.31
3017 6.31
3017 6.31
3017 6.25
3017 6.31
3017 6.31
3017 6.31
3018 6.31
3017 6.31
3017 6.31
3017 6.31
3017 6.31
3017 6.25
3017 6.31
3016 6.31
3017 6.31
3017 6.31
3017 6.25
3017 6.31
3016 6.31
3018 6.31
3017 6.25
3017 6.31
3017 6.25
3017 6.25
3017 6.25
3017 6.25
3017 6.25
3017 6.25
3017 6.25
3018 6.25
3017 6.25
3017 6.31
3017 6.25
3017 6.25
3017 6.25
3017 6.25
3017 6.25
3017 6.25
3017 6.25
3017 6.25
3016 6.25
3017 6.25
3017 6.25
3017 6.25
3017 6.25
3017 6.25
3017 6.25
3017 6.25
3017 6.25
3017 6.25
3017 6.25
3016 6.25
3017 6.25
3017 6.25
3017 6.25
3017 6.25
3016 6.25
3017 6.25
3017 6.25
3017 6.25
3016 6.25
3017 6.25
3017 6.25
3017 6.25
3017 6.25
3016 6.25
3017 6.25
3017 6.25
3017 6.25
3017 6.25
3017 6.25
3017 6.25
3017 6.25
3017 6.25
3017 6.25
3017 6.25
3017 6.25
3017 6.25
3016 6.25
3017 6.19
3016 6.25
3018 6.25
3017 6.19
3017 6.25
3017 6.25
3017 6.25
3017 6.25
3016 6.25
3016 6.25
3017 6.25
3017 6.25
3017 6.19
3017 6.25
3017 6.25
