76 3328 44.31
10739 3317 44.00
21403 3315 43.88
32066 3314 43.69
42730 3312 43.56
53393 3312 43.44
64057 3312 43.25
74721 3311 43.06
85384 3308 42.94
96048 3307 42.81
106712 3308 42.69
117374 3305 42.56
128038 3306 42.38
138702 3305 42.25
149366 3303 42.13
160030 3302 42.00
170693 3300 41.88
181357 3299 41.81
192021 3300 41.69
202685 3297 41.56
213349 3297 41.50
224012 3296 41.38
234676 3296 41.25
245340 3296 41.13
256004 3294 41.00
266668 3294 40.94
277331 3292 40.81
287995 3293 40.75
298659 3291 40.63
309323 3291 40.56
319987 3290 40.44
330651 3289 40.38
341314 3288 40.31
351978 3286 40.19
362642 3287 40.13
373306 3286 40.00
383970 3285 39.94
394634 3284 39.81
405298 3284 39.75
415962 3283 39.63
426626 3283 39.56
437289 3281 39.50
447953 3284 39.38
458618 3280 39.31
469282 3280 39.25
479946 3279 39.13
490610 3277 39.06
501274 3276 38.94
511938 3276 38.88
522602 3277 38.75
533266 3275 38.69
543930 3276 38.63
554594 3273 38.50
565258 3272 38.44
575923 3273 38.31
586587 3271 38.25
597251 3273 38.19
607915 3272 38.06
618578 3271 38.00
629242 3271 37.88
639907 3268 37.81
650571 3268 37.69
661235 3269 37.63
671899 3267 37.56
682564 3267 37.44
693228 3267 37.38
703892 3264 37.25
714556 3265 37.19
725221 3264 37.13
735885 3264 37.00
746549 3263 36.94
757213 3266 36.81
767878 3263 36.75
778542 3261 36.63
789206 3262 36.63
799870 3260 36.50
810534 3260 36.44
821198 3259 36.38
831863 3261 36.25
842527 3259 36.19
853192 3258 36.13
863856 3258 36.00
874520 3257 35.94
885185 3256 35.81
895849 3255 35.75
906514 3256 35.69
917178 3254 35.63
927842 3254 35.50
938507 3254 35.44
949171 3252 35.38
959836 3253 35.31
970500 3252 35.19
981165 3252 35.13
991828 3250 35.00
1002493 3250 35.00
1013157 3249 34.88
1023822 3250 34.81
1034487 3250 34.69
1045151 3248 34.63
1055816 3247 34.56
1066480 3249 34.50
1077145 3246 34.38
1087810 3247 34.31
1098474 3246 34.25
1109139 3248 34.19
1119804 3245 34.06
1130468 3243 34.00
1141133 3246 33.94
1151797 3245 33.81
1162462 3243 33.75
1173127 3242 33.69
1183792 3243 33.63
1194456 3240 33.50
1205121 3242 33.44
1215785 3242 33.38
1226449 3240 33.31
1237114 3239 33.25
1247779 3239 33.13
1258444 3240 33.06
1269108 3239 33.00
1279773 3237 32.88
1290438 3239 32.81
1301103 3237 32.75
1311768 3237 32.69
1322432 3237 32.63
1333097 3236 32.56
1343762 3235 32.44
1354427 3233 32.38
1365092 3235 32.31
1375757 3234 32.19
1386421 3235 32.13
1397086 3233 32.06
1407751 3234 32.00
1418416 3232 31.94
1429081 3231 31.87
1439746 3232 31.75
1450411 3232 31.69
1461075 3231 31.62
1471740 3230 31.56
1482405 3252 31.50
1493069 3230 31.44
1503734 3229 31.31
1514399 3229 31.25
1525064 3228 31.19
1535729 3228 31.06
1546394 3228 31.00
1557059 3228 30.94
1567724 3226 30.87
1578389 3227 30.81
1589055 3226 30.69
1599720 3226 30.62
1610385 3225 30.56
1621050 3225 30.50
1631715 3226 30.44
1642380 3225 30.37
1653045 3223 30.31
1663710 3221 30.25
1674375 3223 30.12
1685040 3222 30.06
1695705 3221 30.00
1706371 3221 29.94
1717036 3222 29.87
1727700 3220 29.81
1738365 3221 29.75
1749030 3222 29.69
1759695 3221 29.56
