40.250000
40.189999
40.189999
40.250000
40.250000
40.310001
40.310001
40.250000
40.250000
40.250000
40.189999
40.130001
40.130001
40.130001
40.060001
40.000000
40.000000
39.939999
39.939999
39.880001
39.880001
39.810001
39.750000
39.750000
39.689999
39.630001
39.630001
39.560001
39.500000
39.500000
39.439999
39.380001
39.310001
39.310001
39.250000
39.189999
39.189999
39.130001
39.130001
39.060001
39.000000
38.939999
38.939999
38.880001
38.810001
38.750000
38.750000
38.689999
38.630001
38.560001
38.560001
38.500000
38.500000
38.439999
38.380001
38.310001
38.250000
38.250000
38.189999
38.130001
38.060001
38.060001
38.000000
37.939999
37.939999
37.880001
37.810001
37.750000
37.750000
37.689999
37.630001
37.630001
37.560001
37.500000
37.439999
37.380001
37.380001
37.310001
37.250000
37.189999
37.189999
37.130001
37.060001
37.060001
37.000000
36.939999
36.880001
36.810001
36.810001
36.750000
36.750000
36.689999
36.630001
36.630001
36.560001
36.500000
36.439999
36.439999
36.380001
36.310001
36.310001
36.250000
36.189999
36.189999
36.130001
36.060001
36.060001
36.000000
35.939999
35.939999
35.880001
35.810001
35.810001
35.750000
35.689999
35.689999
35.630001
35.630001
35.560001
35.500000
35.439999
35.439999
35.380001
35.380001
35.310001
35.250000
35.250000
35.189999
35.189999
35.130001
35.060001
35.060001
35.000000
34.939999
34.939999
34.880001
34.880001
34.810001
34.750000
34.750000
34.689999
34.689999
34.630001
34.560001
34.560001
34.500000
34.500000
34.439999
34.380001
34.380001
34.310001
34.310001
34.250000
34.189999
34.189999
34.130001
34.130001
34.060001
34.060001
34.000000
34.000000
33.939999
33.880001
33.880001
33.810001
33.810001
33.750000
33.750000
33.689999
33.689999
33.630001
33.560001
33.560001
33.500000
33.500000
33.439999
33.439999
33.380001
33.380001
33.310001
33.310001
33.250000
33.189999
33.189999
33.130001
33.130001
33.060001
33.060001
33.000000
33.000000
32.939999
32.939999
32.880001
32.880001
32.810001
32.810001
32.750000
32.750000
32.689999
32.689999
32.630001
32.630001
32.560001
32.560001
32.500000
32.439999
32.439999
32.439999
32.380001
32.310001
32.310001
32.310001
32.250000
32.250000
32.189999
32.130001
32.130001
32.060001
32.060001
32.000000
32.000000
32.000000
31.940001
31.940001
31.870001
31.870001
31.809999
31.809999
31.750000
31.750000
31.690001
31.690001
31.620001
31.559999
31.559999
31.559999
31.500000
31.500000
31.440001
31.440001
31.370001
31.370001
31.309999
31.309999
31.309999
31.250000
31.250000
31.190001
31.190001
31.120001
31.120001
31.059999
31.059999
31.000000
31.000000
30.940001
30.940001
30.940001
30.870001
30.809999
30.809999
30.809999
30.750000
30.750000
30.690001
30.690001
30.620001
30.620001
30.559999
30.559999
30.559999
30.500000
30.500000
30.440001
30.440001
30.370001
30.370001
30.370001
30.309999
30.309999
30.250000
30.250000
30.190001
30.190001
30.120001
30.120001
30.120001
30.059999
30.059999
30.000000
30.000000
30.000000
29.940001
29.870001
29.870001
29.870001
29.809999
29.809999
29.809999
29.750000
29.750000
29.690001
29.690001
29.620001
29.620001
29.559999
29.559999
29.500000
29.500000
29.500000
29.440001
29.440001
29.370001
29.370001
29.370001
29.309999
29.309999
29.309999
29.250000
29.190001
29.190001
29.190001
29.120001
29.120001
29.059999
29.059999
29.059999
29.000000
29.000000
29.000000
28.940001
28.940001
28.870001
28.870001
28.809999
28.809999
28.809999
28.750000
28.750000
28.690001
28.690001
28.690001
28.620001
28.620001
28.559999
28.559999
28.559999
28.500000
28.500000
28.500000
28.440001
28.440001
28.370001
28.370001
28.370001
28.309999
28.309999
28.309999
28.250000
28.250000
28.190001
28.190001
28.190001
28.120001
28.120001
28.059999
28.059999
28.059999
28.000000
28.000000
27.940001
27.940001
27.870001
27.870001
27.870001
27.809999
27.809999
27.809999
27.750000
27.750000
27.690001
27.690001
27.690001
27.620001
27.620001
27.620001
27.559999
27.559999
27.559999
27.500000
27.500000
27.440001
27.440001
27.440001
27.370001
27.370001
27.370001
27.309999
27.309999
27.250000
27.250000
27.250000
27.190001
27.190001
27.190001
27.120001
27.120001
27.059999
27.059999
27.059999
27.000000
27.000000
27.000000
26.940001
26.940001
26.940001
26.870001
26.870001
26.809999
26.809999
26.809999
26.750000
26.750000
26.750000
26.690001
26.690001
26.690001
26.620001
26.620001
26.559999
26.559999
26.559999
26.500000
26.500000
26.500000
26.440001
26.440001
26.370001
26.370001
26.370001
26.370001
26.309999
26.309999
26.309999
26.250000
26.250000
26.190001
26.190001
26.190001
26.120001
26.120001
26.120001
26.059999
26.059999
26.059999
26.000000
26.000000
26.000000
25.940001
25.940001
25.940001
25.870001
25.870001
25.809999
25.809999
25.809999
25.750000
25.750000
25.750000
25.690001
25.690001
25.690001
25.620001
25.620001
25.620001
25.559999
25.559999
25.559999
25.500000
25.500000
25.500000
25.500000
25.440001
25.440001
25.370001
25.370001
25.370001
25.309999
25.309999
25.309999
25.250000
25.250000
25.250000
25.190001
25.190001
25.190001
25.120001
25.120001
25.120001
25.120001
25.059999
25.059999
25.000000
25.000000
25.000000
24.940001
24.940001
24.940001
24.870001
24.870001
24.870001
24.809999
24.809999
24.809999
24.750000
24.750000
24.750000
24.690001
24.690001
24.690001
24.620001
24.620001
24.620001
24.620001
24.559999
24.559999
24.500000
24.500000
24.500000
24.500000
24.440001
24.440001
24.440001
24.440001
24.370001
24.370001
24.309999
24.309999
24.309999
24.250000
24.250000
24.250000
24.190001
24.190001
24.190001
24.120001
24.120001
24.120001
24.120001
24.059999
24.059999
24.059999
24.000000
24.000000
24.000000
23.940001
23.940001
23.940001
23.870001
23.870001
23.870001
23.809999
23.809999
23.809999
23.809999
23.750000
23.750000
23.750000
23.690001
23.690001
23.690001
23.620001
23.620001
23.620001
23.559999
23.559999
23.559999
23.559999
23.500000
23.500000
23.500000
23.500000
23.440001
23.440001
23.370001
23.370001
23.370001
23.370001
23.309999
23.309999
23.309999
23.250000
23.250000
23.250000
23.190001
23.190001
23.190001
23.190001
23.120001
23.120001
23.120001
23.120001
23.059999
23.059999
23.059999
23.000000
23.000000
23.000000
22.940001
22.940001
22.940001
22.940001
22.870001
22.870001
22.870001
22.809999
22.809999
22.809999
22.809999
22.750000
22.750000
22.750000
22.690001
22.690001
22.690001
22.620001
22.620001
22.620001
22.620001
22.559999
22.559999
22.559999
22.500000
22.500000
22.500000
22.500000
22.440001
22.440001
22.440001
22.440001
22.370001
22.370001
22.309999
22.309999
22.309999
22.309999
22.250000
22.250000
22.250000
22.250000
22.250000
22.190001
22.190001
22.120001
22.120001
22.120001
22.120001
22.059999
22.059999
22.059999
22.000000
22.000000
22.000000
22.000000
21.940001
21.940001
21.940001
21.870001
21.870001
21.870001
21.870001
21.870001
21.809999
21.809999
21.809999
21.750000
21.750000
21.750000
21.750000
21.690001
21.690001
21.690001
21.620001
21.620001
21.620001
21.620001
21.559999
21.559999
21.559999
21.500000
21.500000
21.500000
21.500000
21.440001
21.440001
21.440001
21.440001
21.370001
21.370001
21.370001
21.370001
21.309999
21.309999
21.309999
21.250000
21.250000
21.250000
21.250000
21.190001
21.190001
21.190001
21.120001
21.120001
21.120001
21.059999
21.059999
21.059999
21.059999
21.059999
21.000000
21.000000
21.000000
21.000000
20.940001
20.940001
20.940001
20.870001
20.870001
20.870001
20.870001
20.809999
20.809999
20.809999
20.809999
20.750000
20.750000
20.750000
20.750000
20.690001
20.690001
20.690001
20.690001
20.690001
20.620001
20.620001
20.559999
20.559999
20.559999
20.559999
20.559999
20.500000
20.500000
20.500000
20.440001
20.440001
20.440001
20.440001
20.440001
20.440001
20.370001
20.370001
20.370001
20.370001
20.440001
20.559999
20.559999
20.559999
20.559999
20.620001
20.620001
20.620001
20.620001
20.620001
20.690001
20.620001
20.620001
20.620001
20.620001
20.620001
20.620001
20.559999
20.559999
20.559999
20.559999
20.500000
20.500000
20.440001
20.440001
20.440001
20.440001
20.370001
20.370001
20.370001
20.309999
20.309999
20.309999
20.309999
20.250000
20.250000
20.190001
20.190001
20.190001
20.120001
20.120001
20.120001
20.120001
20.059999
20.059999
20.059999
20.000000
20.000000
20.000000
20.000000
19.940001
19.940001
19.940001
19.940001
19.870001
19.870001
19.870001
19.940001
19.940001
19.940001
20.000000
20.000000
20.000000
19.940001
19.940001
19.940001
19.870001
19.870001
19.809999
19.809999
19.750000
19.750000
19.690001
19.690001
19.620001
19.559999
19.559999
19.500000
19.440001
19.440001
19.370001
19.370001
19.309999
19.309999
19.250000
19.190001
19.190001
19.120001
19.120001
19.059999
19.000000
19.000000
18.940001
18.870001
18.870001
18.809999
18.809999
18.750000
18.690001
18.690001
18.620001
18.559999
18.500000
18.500000
18.440001
18.440001
18.370001
18.370001
18.309999
18.250000
18.190001
18.190001
18.120001
18.059999
18.059999
18.000000
17.940001
17.940001
17.870001
17.809999
17.809999
17.750000
17.690001
17.690001
17.620001
17.559999
17.559999
17.500000
17.440001
17.440001
17.370001
17.309999
17.250000
17.250000
17.190001
17.190001
17.120001
17.059999
17.000000
17.000000
16.940001
16.870001
16.870001
16.809999
16.809999
16.750000
16.690001
16.690001
16.620001
16.559999
16.500000
16.500000
16.440001
16.440001
16.370001
16.309999
16.309999
16.250000
16.190001
16.120001
16.120001
16.059999
16.059999
16.000000
16.000000
16.000000
15.940000
15.940000
15.940000
15.940000
15.880000
15.880000
15.880000
15.810000
15.810000
15.750000
15.750000
15.750000
15.690000
15.690000
15.630000
15.630000
15.560000
15.560000
15.500000
15.500000
15.440000
15.440000
15.440000
15.380000
15.380000
15.310000
15.310000
15.250000
15.250000
15.190000
15.190000
15.130000
15.130000
15.060000
15.060000
15.000000
15.000000
14.940000
14.940000
14.880000
14.880000
14.880000
14.810000
14.750000
14.750000
14.690000
14.690000
14.690000
14.630000
14.630000
14.560000
14.560000
14.500000
14.500000
14.500000
14.440000
14.440000
14.380000
14.380000
14.310000
14.310000
14.250000
14.250000
14.190000
14.190000
14.190000
14.130000
14.130000
14.060000
14.000000
14.000000
14.000000
13.940000
13.940000
13.940000
13.880000
13.880000
13.810000
13.810000
13.750000
13.750000
13.690000
13.690000
13.630000
13.560000
13.560000
13.500000
13.440000
13.440000
13.380000
13.380000
13.310000
13.250000
13.250000
13.190000
13.190000
13.130000
13.060000
13.060000
13.000000
13.000000
12.940000
12.940000
12.880000
12.880000
12.810000
12.810000
12.750000
12.750000
12.690000
12.630000
12.630000
12.630000
12.560000
12.560000
12.500000
12.500000
12.440000
12.380000
12.380000
12.380000
12.310000
12.250000
12.250000
12.250000
12.190000
12.130000
12.130000
12.130000
12.060000
12.000000
12.000000
11.940000
11.940000
11.940000
11.880000
11.880000
11.810000
11.810000
11.750000
11.750000
11.690000
11.690000
11.630000
11.630000
11.560000
11.500000
11.500000
11.500000
11.440000
11.440000
11.380000
11.380000
11.310000
11.310000
11.250000
11.250000
11.190000
11.190000
11.130000
11.130000
11.060000
11.060000
11.000000
11.000000
10.940000
10.940000
10.880000
10.880000
10.810000
10.810000
10.750000
10.750000
10.750000
10.690000
10.690000
10.630000
10.630000
10.630000
10.630000
10.630000
10.630000
10.630000
10.630000
10.560000
10.560000
10.560000
10.560000
10.500000
10.500000
10.500000
10.440000
10.440000
10.440000
10.380000
10.380000
10.380000
10.310000
10.310000
10.310000
10.310000
10.250000
10.250000
10.190000
10.190000
10.190000
10.130000
10.130000
10.130000
10.130000
10.060000
10.060000
10.000000
10.000000
10.000000
9.940000
9.940000
9.940000
9.880000
9.880000
9.810000
9.810000
9.810000
9.810000
9.750000
9.750000
9.690000
9.690000
9.690000
9.630000
9.630000
9.560000
9.560000
9.560000
9.560000
9.500000
9.500000
9.500000
9.440000
9.440000
9.380000
9.380000
9.380000
9.380000
9.310000
9.310000
9.310000
9.250000
9.250000
9.250000
9.190000
9.190000
9.190000
9.130000
9.130000
9.130000
9.060000
9.060000
9.060000
9.000000
9.000000
9.000000
8.940000
8.940000
8.880000
8.880000
8.810000
8.810000
8.810000
8.750000
8.690000
8.690000
8.630000
8.630000
8.560000
8.560000
8.500000
8.500000
8.440000
8.440000
8.380000
8.380000
8.380000
8.310000
8.310000
8.250000
8.250000
8.190000
8.190000
8.130000
8.130000
8.130000
8.060000
8.060000
8.000000
8.000000
8.000000
7.940000
7.940000
7.940000
7.880000
7.810000
7.810000
7.810000
7.750000
7.750000
7.690000
7.690000
7.690000
7.690000
7.630000
7.630000
7.560000
7.560000
7.500000
7.500000
7.500000
7.440000
7.440000
7.380000
7.380000
7.310000
7.310000
7.250000
7.250000
7.250000
7.250000
7.190000
7.190000
7.130000
7.130000
7.060000
7.060000
7.060000
7.000000
7.000000
7.000000
6.940000
6.940000
6.880000
6.880000
6.880000
6.810000
6.810000
6.750000
6.750000
6.690000
6.690000
6.690000
6.630000
6.630000
6.630000
6.560000
6.560000
6.560000
6.560000
6.560000
6.560000
6.560000
6.500000
6.560000
6.500000
6.500000
6.500000
6.500000
6.500000